$ 1 0.000005 10.20027730826997 50 5 43
L -256 16 -320 16 0 1 false 5 0
L -256 48 -320 48 0 1 false 5 0
150 -64 32 -16 32 0 2 5 5
150 -64 144 -16 144 0 2 0 5
153 128 48 240 48 0 2 0 5
I -144 128 -64 128 0 0.5 5
I -144 160 -64 160 0 0.5 5
M 256 48 336 48 0 2.5
w 128 32 -16 32 0
w 128 64 128 144 0
w 128 144 -16 144 0
w -224 16 -64 16 0
w -144 160 -144 240 0
w 240 240 240 48 0
w 240 48 256 48 0
w -208 128 -144 128 0
w -224 16 -224 128 0
w -224 128 -208 128 0
c -80 240 -80 288 0 1e-7 2.41e-321
g -80 288 -80 320 0
r -80 240 32 240 0 1000
w 32 240 240 240 0
w -80 240 -144 240 0
w -256 48 -64 48 0
w -224 16 -256 16 0
x -350 -10 -292 -7 4 24 Latch
x -354 92 -304 95 4 24 Data
x -65 307 643 310 4 24 RC\sadded\sto\sprevent\soscillation\s(not\spresent\sin\sDM85S68\sdiagram)
x 297 17 354 20 4 24 /Data
o 11 64 0 4098 5 0.1 0 2 11 3
o 22 64 0 4098 0.0000762939453125 0.1 1 2 22 3
